8
11
42
49
51
54
66
88
125
128
141
150
155
157
162
175
204
214
220
222
263
278
327
348
361
431
438
466
475
481
485
531
554
555
634
692
770
854
855
891
904
941
1117
1198
1253
1307
1324
1416
1419
1465
1491
1513
1692
1938
2003
2114
2136
2223
2389
2394
2566
2569
2604
2651
2655
2785
2821
2843
2955
3267
3341
3347
3452
4098
4396
4445
4522
5770
5782
6663
7483
7720
7985
8051
8089
8166
8217
9209
9220
9408
9440
9446
9539
9616
9792
10323
10756
11782
12002
12267
12325
12333
12477
12495
12632
12942
12962
13004
13286
13308
13436
13886
14698
14996
15062
15156
15474
15818
16144
16496
17161
17313
17329
17449
18723
18932
19427
19600
19736
19737
19738
19739
19740
19741
19742
19743
20782
20920
21239
21523
21613
21704
21713
21790
21920
22097
22278
22304
22345
22733
22938
23291
23293
23576
24068
24224
24387
24417
24473
24509
24628
24800
25031
25224
25242
25554
25578
25613
25674
25821
26566
27173
27800
27833
27848
28086
28720
29626
29687
30364
30539
30658
30869
30951
30957
31016
31291
31481
31497
31594
31822
32341
32450
32968
33107
33964
34599
34701
35634
35652
35677
35801
36879
37231
37371
37728
38378
38504
38735
38765
38778
39080
39406
39938
40270
40653
40692
40761
40765
40831
40845
40849
40958
40990
41019
41749
41762
41916
42066
42124
42448
42490
42964
44558
45134
45358
46213
47055
48726
49454
53103
53953
54043
54137
54138
54643
54998
55600
56796
56931
56943
57310
58936
62220
63214
63268
63628
63706
65534
65901
66188
66589
66982
67453
68606
68931
70097
70149
70512
70647
70916
70919
71021
71655
72268
72321
73439
73761
74365
75062
75165
79068
80942
81250
83330
84991
85563
85800
85897
86246
87821
89342
90009
90190
91873
92303
92415
93540
94246
95613
97842
98472
99808
100679
100901
101020
101718
101785
101930
102061
102548
102610
102680
102696
102794
102897
103061
103132
103236
103651
103745
103828
104006
104020
104347
104377
104955
105037
105864
105866
106174
106631
106999
107529
107576
108157
108421
108637
108667
109215
109456
110277
110524
111292
112840
113636
113997
114316
114387
114667
116954
117793
117814
118337
119391
120217
120605
121041
121297
121408
121410
122890
124290
124361
124380
124545
124647
125050
125153
125618
125678
125879
126042
126163
126771
126790
126792
127061
127095
127432
127997
128271
128621
128698
128733
128883
128938
128996
129051
129508
129736
129948
130176
130556
130729
130907
131184
131386
131835
131887
131891
132780
133534
133848
135213
135557
136240
136280
136529
136562
136888
137047
137104
137269
137406
137408
137744
137789
137909
137987
137988
138201
138317
138614
138728
138973
139176
139245
139326
139508
139562
139627
139660
139766
139807
139897
139991
140552
140603
140682
140717
141419
142079
142239
142267
142451
142903
143063
143065
143405
143693
143882
143986
144041
144529
144566
144587
144592
144631
144722
144733
145012
145205
145599
145639
145645
146188
146439
146508
146886
147009
147151
147154
147206
147251
147396
147431
148000
148228
148290
148430
148443
148517
148951
149119
149155
149970
150146
150298
150312
150923
151771
152470
152851
153479
153724
153737
153757
153780
153870
154003
154203
154246
154477
154901
154904
154905
154906
155426
155495
155693
155802
156009
156015
156129
156455
156496
156566
156714
156746
156943
157088
157096
157413
157586
157789
157958
157969
158053
158572
158970
159446
159515
159556
159566
160656
160784
160851
161383
161417
161533
161614
161681
161782
161866
161920
161936
161943
161970
162007
162286
162525
162616
162915
163027
163068
163186
163976
164237
164566
164589
164928
165041
165302
165471
165477
165796
166107
166109
166246
166510
166524
166532
166640
166888
167513
168215
168435
168728
168839
169786
169976
170041
170202
170477
170813
170901
170969
170973
171037
171233
171339
171669
171672
171775
171870
171890
171908
172154
172225
172242
172507
172546
172547
172560
172932
172971
172996
173115
173761
173800
174078
174155
174192
174297
174491
174610
174611
174660
174785
174991
175219
175235
175293
175427
175549
175640
175730
175848
175861
175878
176013
176103
176334
176734
176963
177048
177249
177541
177542
177678
177727
177736
177843
177877
177927
178051
178335
178900
179172
179245
179723
180156
180157
180179
180263
180325
180539
180593
180822
180899
180977
181084
181158
181279
181290
181304
181440
181494
181501
181521
181615
181693
181796
182028
182194
182874
183006
183243
183251
183284
183387
183394
183521
183660
183682
184018
184186
184704
184896
184904
185743
185922
186323
186381
186475
186620
186701
186987
187113
188021
188314
189350
189829
190049
190627
191438
191529
191530
191538
191572
191679
191779
191876
191877
192120
192185
192334
192701
192777
192834
192860
192927
193029
193558
193592
194075
194100
194594
194819
194880
195043
195518
196340
196526
197269
197455
197944
198060
198450
198454
198525
198773
198826
198836
199561
200147
200954
201006
202565
203780
203993
204053
204141
204420
204599
204734
204807
204814
204887
205059
205078
205079
205418
205498
205507
205542
206169
206802
206803
206844
206859
206938
206941
207670
208895
209173
209220
209278
209450
209849
213893
213984
214276
215066
216482
217083
217362
217372
217447
217449
217496
218564
218637
218920
219122
219383
219502
219513
219708
220499
220520
220653
220778
221408
223602
223858
223953
224037
224133
224271
224749
224750
224922
224993
225354
225694
227748
228310
229218
229741
230080
230089
231644
231748
233020
233565
233867
234396
235251
236217
236248
237388
237715
237722
239109
241492
241659
242546
244234
244333
244992
245090
245503
246192
246701
246784
247314
249414
250525
250876
253861
254227
254640
255823
257924
258389
260334
260605
262543
262712
263918
264055
268586
268839
269385
269603
269732
270128
270844
273938
274688
277721
280136
281259
281960
286145
287272
287361
287362
288098
289018
291222
293296
294697
295947
299169
299592
299597
300085
300090
300905
300936
302280
305880
310442
310789
316630
322204
322708
324856
328211
329812
330936
332647
339484
341136
341256
341914
342189
342409
345087
346623
346913
347013
351040
356123
356301
359009
364073
365597
366067
367512
367771
367925
368956
370164
371433
382581
383053
391834
394889
399088
406291
414829
415773
455732
1106217